Entities
13
4223.94 3661.26 0.00 0.00
3506.50 4660.50 0.00 0.00
3648.00 3776.00 0.00 0.00
4282.67 3466.00 0.00 0.00
1280.00 4544.00 0.00 0.00
4885.00 4210.00 0.00 0.00
734.67 984.00 0.00 0.00
596.00 2437.33 0.00 0.00
1372.67 4073.33 0.00 0.00
3328.00 2880.00 0.00 0.00
4096.00 2048.00 0.00 0.00
4318.32 1482.47 0.00 0.00
1790.75 2304.25 0.00 0.00
Monsters
308
4096.00 4032.00 64.00 64.00
4032.00 4032.00 64.00 64.00
3968.00 4032.00 64.00 64.00
3968.00 4096.00 64.00 64.00
4032.00 4096.00 64.00 64.00
4096.00 4096.00 64.00 64.00
2624.00 3456.00 64.00 64.00
2688.00 3456.00 64.00 64.00
2624.00 3392.00 64.00 64.00
2560.00 3392.00 64.00 64.00
2560.00 3456.00 64.00 64.00
2688.00 3520.00 64.00 64.00
2624.00 3520.00 64.00 64.00
2752.00 3520.00 64.00 64.00
2752.00 3584.00 64.00 64.00
2816.00 3584.00 64.00 64.00
2816.00 3648.00 64.00 64.00
2880.00 3712.00 64.00 64.00
2880.00 3648.00 64.00 64.00
2496.00 3392.00 64.00 64.00
2496.00 3328.00 64.00 64.00
2432.00 3328.00 64.00 64.00
2432.00 3392.00 64.00 64.00
2496.00 3456.00 64.00 64.00
2368.00 3328.00 64.00 64.00
2368.00 3264.00 64.00 64.00
2944.00 2880.00 64.00 64.00
3008.00 2752.00 64.00 64.00
3008.00 2688.00 64.00 64.00
2944.00 2688.00 64.00 64.00
2880.00 2816.00 64.00 64.00
2880.00 2752.00 64.00 64.00
2944.00 2752.00 64.00 64.00
3008.00 2880.00 64.00 64.00
3008.00 2816.00 64.00 64.00
2944.00 2816.00 64.00 64.00
2880.00 2880.00 64.00 64.00
2816.00 2752.00 64.00 64.00
3584.00 2752.00 64.00 64.00
3648.00 2752.00 64.00 64.00
3712.00 2752.00 64.00 64.00
3584.00 2816.00 64.00 64.00
3648.00 2816.00 64.00 64.00
3712.00 2816.00 64.00 64.00
3584.00 2880.00 64.00 64.00
3648.00 2880.00 64.00 64.00
3712.00 2880.00 64.00 64.00
3776.00 2816.00 64.00 64.00
3840.00 2816.00 64.00 64.00
3904.00 2816.00 64.00 64.00
3776.00 2880.00 64.00 64.00
3840.00 2880.00 64.00 64.00
3904.00 2880.00 64.00 64.00
3776.00 2944.00 64.00 64.00
3840.00 2944.00 64.00 64.00
3904.00 2944.00 64.00 64.00
3968.00 2880.00 64.00 64.00
4032.00 2880.00 64.00 64.00
4096.00 2880.00 64.00 64.00
3968.00 2944.00 64.00 64.00
4032.00 2944.00 64.00 64.00
4096.00 2944.00 64.00 64.00
3968.00 3008.00 64.00 64.00
4032.00 3008.00 64.00 64.00
4096.00 3008.00 64.00 64.00
3968.00 2816.00 64.00 64.00
4032.00 2816.00 64.00 64.00
3456.00 3328.00 64.00 64.00
3520.00 3328.00 64.00 64.00
3584.00 3328.00 64.00 64.00
3456.00 3392.00 64.00 64.00
3520.00 3392.00 64.00 64.00
3584.00 3392.00 64.00 64.00
3456.00 3456.00 64.00 64.00
3520.00 3456.00 64.00 64.00
3584.00 3456.00 64.00 64.00
3456.00 3136.00 64.00 64.00
3520.00 3136.00 64.00 64.00
3584.00 3136.00 64.00 64.00
3456.00 3200.00 64.00 64.00
3520.00 3200.00 64.00 64.00
3584.00 3200.00 64.00 64.00
3456.00 3264.00 64.00 64.00
3520.00 3264.00 64.00 64.00
3584.00 3264.00 64.00 64.00
3648.00 3328.00 64.00 64.00
3648.00 3392.00 64.00 64.00
3648.00 3456.00 64.00 64.00
3648.00 3136.00 64.00 64.00
3712.00 3136.00 64.00 64.00
3776.00 3136.00 64.00 64.00
3648.00 3200.00 64.00 64.00
3712.00 3200.00 64.00 64.00
3776.00 3200.00 64.00 64.00
3648.00 3264.00 64.00 64.00
3712.00 3264.00 64.00 64.00
3776.00 3264.00 64.00 64.00
4288.00 4032.00 64.00 64.00
4224.00 4032.00 64.00 64.00
4160.00 4032.00 64.00 64.00
4160.00 4096.00 64.00 64.00
4224.00 4096.00 64.00 64.00
4288.00 4096.00 64.00 64.00
4480.00 4032.00 64.00 64.00
4416.00 4032.00 64.00 64.00
4352.00 4032.00 64.00 64.00
4352.00 4096.00 64.00 64.00
4416.00 4096.00 64.00 64.00
4480.00 4096.00 64.00 64.00
4288.00 3968.00 64.00 64.00
4480.00 3968.00 64.00 64.00
4416.00 3968.00 64.00 64.00
4352.00 3968.00 64.00 64.00
2304.00 832.00 64.00 64.00
2368.00 768.00 64.00 64.00
2432.00 768.00 64.00 64.00
2432.00 832.00 64.00 64.00
2368.00 832.00 64.00 64.00
2304.00 768.00 64.00 64.00
3456.00 1280.00 64.00 64.00
3520.00 1280.00 64.00 64.00
3584.00 1280.00 64.00 64.00
3456.00 1344.00 64.00 64.00
3520.00 1344.00 64.00 64.00
3584.00 1344.00 64.00 64.00
3456.00 1408.00 64.00 64.00
3520.00 1408.00 64.00 64.00
3584.00 1408.00 64.00 64.00
3392.00 1344.00 64.00 64.00
3392.00 1408.00 64.00 64.00
3392.00 1472.00 64.00 64.00
3328.00 1408.00 64.00 64.00
3328.00 1472.00 64.00 64.00
3328.00 1536.00 64.00 64.00
3456.00 1472.00 64.00 64.00
3520.00 1472.00 64.00 64.00
3456.00 1536.00 64.00 64.00
3520.00 1536.00 64.00 64.00
3456.00 1600.00 64.00 64.00
3520.00 1600.00 64.00 64.00
3392.00 1536.00 64.00 64.00
3328.00 1600.00 64.00 64.00
3392.00 1600.00 64.00 64.00
3328.00 1728.00 64.00 64.00
3456.00 1728.00 64.00 64.00
3520.00 1728.00 64.00 64.00
3456.00 1792.00 64.00 64.00
3520.00 1792.00 64.00 64.00
3392.00 1728.00 64.00 64.00
3328.00 1792.00 64.00 64.00
3392.00 1792.00 64.00 64.00
3392.00 1856.00 64.00 64.00
3456.00 1856.00 64.00 64.00
3264.00 1856.00 64.00 64.00
3328.00 1856.00 64.00 64.00
640.00 2112.00 64.00 64.00
704.00 2112.00 64.00 64.00
768.00 2112.00 64.00 64.00
640.00 2176.00 64.00 64.00
704.00 2176.00 64.00 64.00
768.00 2176.00 64.00 64.00
640.00 2240.00 64.00 64.00
704.00 2240.00 64.00 64.00
768.00 2240.00 64.00 64.00
832.00 2176.00 64.00 64.00
896.00 2176.00 64.00 64.00
960.00 2176.00 64.00 64.00
832.00 2240.00 64.00 64.00
896.00 2240.00 64.00 64.00
960.00 2240.00 64.00 64.00
960.00 2048.00 64.00 64.00
1024.00 2048.00 64.00 64.00
1088.00 2048.00 64.00 64.00
960.00 2112.00 64.00 64.00
1024.00 2112.00 64.00 64.00
1088.00 2112.00 64.00 64.00
3968.00 2176.00 64.00 64.00
4032.00 2176.00 64.00 64.00
3648.00 2048.00 64.00 64.00
4096.00 2176.00 64.00 64.00
4160.00 2176.00 64.00 64.00
4224.00 2176.00 64.00 64.00
4096.00 2240.00 64.00 64.00
4160.00 2240.00 64.00 64.00
4224.00 2240.00 64.00 64.00
4096.00 2304.00 64.00 64.00
4160.00 2304.00 64.00 64.00
4224.00 2304.00 64.00 64.00
4096.00 2368.00 64.00 64.00
4160.00 2368.00 64.00 64.00
4224.00 2368.00 64.00 64.00
4288.00 2240.00 64.00 64.00
4352.00 2240.00 64.00 64.00
4416.00 2240.00 64.00 64.00
4288.00 2304.00 64.00 64.00
4352.00 2304.00 64.00 64.00
4416.00 2304.00 64.00 64.00
4288.00 2368.00 64.00 64.00
4352.00 2368.00 64.00 64.00
4416.00 2368.00 64.00 64.00
4480.00 2240.00 64.00 64.00
3968.00 2240.00 64.00 64.00
4032.00 2240.00 64.00 64.00
4480.00 2304.00 64.00 64.00
3968.00 2304.00 64.00 64.00
4032.00 2304.00 64.00 64.00
4480.00 2368.00 64.00 64.00
3968.00 2368.00 64.00 64.00
4032.00 2368.00 64.00 64.00
4288.00 2176.00 64.00 64.00
2688.00 896.00 64.00 64.00
2752.00 896.00 64.00 64.00
2624.00 896.00 64.00 64.00
2688.00 960.00 64.00 64.00
2752.00 960.00 64.00 64.00
2624.00 960.00 64.00 64.00
3904.00 2240.00 64.00 64.00
3776.00 2048.00 64.00 64.00
3840.00 2048.00 64.00 64.00
3776.00 2112.00 64.00 64.00
3840.00 2112.00 64.00 64.00
3712.00 2048.00 64.00 64.00
3712.00 2112.00 64.00 64.00
3648.00 2112.00 64.00 64.00
2944.00 2240.00 64.00 64.00
3072.00 2240.00 64.00 64.00
3136.00 2240.00 64.00 64.00
3072.00 2304.00 64.00 64.00
3136.00 2304.00 64.00 64.00
3008.00 2240.00 64.00 64.00
3008.00 2304.00 64.00 64.00
2944.00 2304.00 64.00 64.00
3072.00 2368.00 64.00 64.00
3136.00 2368.00 64.00 64.00
3008.00 2368.00 64.00 64.00
2944.00 2368.00 64.00 64.00
3008.00 3264.00 64.00 64.00
3072.00 3328.00 64.00 64.00
3072.00 3200.00 64.00 64.00
3136.00 3264.00 64.00 64.00
3072.00 3264.00 64.00 64.00
3136.00 3328.00 64.00 64.00
3136.00 3392.00 64.00 64.00
3200.00 3456.00 64.00 64.00
3200.00 3328.00 64.00 64.00
3264.00 3392.00 64.00 64.00
3200.00 3392.00 64.00 64.00
3264.00 3456.00 64.00 64.00
3648.00 1536.00 64.00 64.00
3776.00 1536.00 64.00 64.00
3840.00 1536.00 64.00 64.00
3776.00 1600.00 64.00 64.00
3840.00 1600.00 64.00 64.00
3712.00 1536.00 64.00 64.00
3712.00 1600.00 64.00 64.00
3648.00 1600.00 64.00 64.00
3712.00 1472.00 64.00 64.00
3776.00 1472.00 64.00 64.00
3712.00 1408.00 64.00 64.00
3776.00 1408.00 64.00 64.00
4480.00 1792.00 64.00 64.00
4544.00 1792.00 64.00 64.00
4480.00 1856.00 64.00 64.00
4544.00 1856.00 64.00 64.00
4480.00 1920.00 64.00 64.00
4544.00 1920.00 64.00 64.00
4480.00 1728.00 64.00 64.00
4544.00 1728.00 64.00 64.00
4608.00 1792.00 64.00 64.00
4608.00 1728.00 64.00 64.00
2688.00 1024.00 64.00 64.00
2752.00 1024.00 64.00 64.00
2624.00 1024.00 64.00 64.00
2688.00 1088.00 64.00 64.00
2752.00 1088.00 64.00 64.00
2624.00 1088.00 64.00 64.00
2496.00 960.00 64.00 64.00
2560.00 960.00 64.00 64.00
2432.00 960.00 64.00 64.00
2496.00 1024.00 64.00 64.00
2560.00 1024.00 64.00 64.00
2432.00 1024.00 64.00 64.00
2496.00 1088.00 64.00 64.00
2560.00 1088.00 64.00 64.00
2432.00 1088.00 64.00 64.00
2496.00 1152.00 64.00 64.00
2560.00 1152.00 64.00 64.00
2432.00 1152.00 64.00 64.00
2624.00 1152.00 64.00 64.00
2688.00 1152.00 64.00 64.00
2368.00 960.00 64.00 64.00
2368.00 1024.00 64.00 64.00
2368.00 1088.00 64.00 64.00
2368.00 1152.00 64.00 64.00
2304.00 960.00 64.00 64.00
2304.00 1024.00 64.00 64.00
2304.00 1088.00 64.00 64.00
2304.00 1152.00 64.00 64.00
3712.00 4288.00 64.00 64.00
3776.00 4288.00 64.00 64.00
3840.00 4288.00 64.00 64.00
3904.00 4288.00 64.00 64.00
3968.00 4288.00 64.00 64.00
3968.00 4352.00 64.00 64.00
3904.00 4352.00 64.00 64.00
3840.00 4352.00 64.00 64.00
3776.00 4352.00 64.00 64.00
3712.00 4352.00 64.00 64.00
Collision
546
1452.00 2700.00 43.50 36.50
1324.50 2638.50 40.00 34.50
1723.77 2712.42 34.59 32.14
1835.40 2648.23 34.59 33.23
1791.58 2785.08 28.83 29.17
1950.92 2722.42 22.17 16.50
1820.92 2898.42 44.83 23.17
2181.25 2649.75 37.50 34.50
470.58 437.08 31.17 31.50
498.07 862.75 29.14 17.05
624.75 926.25 29.75 19.25
881.07 990.61 30.77 19.23
1067.25 665.42 40.83 24.83
1007.58 595.08 28.50 28.50
987.75 435.42 19.75 26.00
616.92 751.08 234.17 125.83
869.58 700.42 50.83 119.17
864.92 833.08 28.17 23.17
535.92 594.42 391.83 101.83
558.92 708.42 43.50 104.50
915.58 1223.75 36.83 27.17
175.75 1234.75 34.00 31.50
281.75 1442.75 17.00 17.50
462.25 1461.75 34.50 16.50
364.75 1504.75 38.00 12.00
369.58 1381.08 28.17 17.17
622.25 1915.75 34.83 25.83
654.25 1959.75 31.50 29.83
516.25 2237.08 26.83 15.83
582.25 2304.42 29.50 26.50
1073.58 1298.42 30.17 28.50
1262.92 1371.08 33.50 19.17
1352.25 1303.08 31.50 16.50
1294.25 1251.08 22.83 10.50
1330.92 1053.75 25.50 19.17
887.58 1738.75 28.50 18.17
997.25 1946.75 29.50 15.17
880.25 2141.08 34.17 19.83
1116.75 2486.25 29.00 24.00
1136.75 2451.25 26.00 25.00
1204.25 2386.25 23.50 28.00
1090.75 2684.75 32.50 21.00
431.96 2644.60 32.17 23.17
496.58 2706.75 27.50 23.83
1139.25 2961.75 24.00 21.50
1201.75 2898.75 28.50 22.50
1010.25 3027.75 26.50 21.00
2338.58 2722.75 23.50 14.83
2415.25 2596.08 16.17 20.17
2509.33 2542.67 20.17 15.83
2591.58 2462.42 12.83 15.17
2650.25 2221.08 22.17 13.83
2700.92 2158.42 29.50 13.17
2726.25 2015.75 21.50 16.50
2385.58 2031.08 22.17 15.83
2439.58 1930.42 26.17 12.50
2743.58 1675.75 38.17 23.83
2688.25 1599.08 20.83 12.50
2738.92 1375.08 24.17 19.83
2817.58 1309.75 24.17 18.50
1204.75 1823.00 23.00 14.75
1291.75 1740.25 25.75 15.25
1792.25 1078.42 25.50 19.83
1781.58 668.42 24.17 17.17
1879.58 605.75 16.17 18.50
1970.25 596.42 25.50 20.50
2007.58 673.08 15.50 14.50
2038.25 538.42 22.83 18.50
2160.25 531.75 24.83 18.50
2102.92 479.75 20.83 15.83
2198.25 678.42 20.83 13.17
2235.58 611.08 17.50 15.17
2355.25 607.25 21.00 16.00
2611.25 723.75 23.50 23.00
2676.75 798.25 21.50 19.50
3741.58 320.42 18.83 13.17
4084.58 354.75 17.17 16.17
4266.58 365.42 16.17 16.50
4575.61 486.57 16.41 15.59
4986.92 344.42 26.17 19.83
4902.25 558.42 28.17 27.83
4940.25 638.42 24.17 13.83
4866.75 840.75 25.50 27.00
4907.25 948.25 20.00 21.50
5120.75 953.75 24.50 22.00
5032.75 1169.75 31.50 26.00
5076.25 1292.75 18.00 14.50
4971.25 1213.75 16.50 11.00
5123.75 1394.25 12.50 13.00
5247.75 1546.75 18.00 18.00
4985.25 1578.25 23.00 18.50
5006.75 1453.75 19.50 13.50
5038.25 1521.75 19.00 11.00
5063.75 1639.25 16.50 17.50
5039.75 1820.75 20.50 21.50
5096.25 1898.75 26.00 19.00
4956.75 2037.75 22.50 24.50
5126.75 2074.75 19.00 20.50
4920.75 2317.75 24.50 21.00
4983.75 2376.75 24.00 19.00
5300.00 1672.50 15.50 14.75
4744.25 3133.75 27.50 15.83
4829.92 3232.42 27.17 17.83
4864.58 3421.42 31.83 14.50
4788.25 3357.08 14.83 13.83
4859.25 3670.42 15.83 13.17
4884.58 3572.75 24.50 24.17
4916.58 3763.75 31.17 31.83
4979.25 3676.75 31.83 22.17
5423.25 3690.50 25.00 28.75
4795.25 4068.75 35.00 30.50
4847.25 4051.75 31.00 26.50
4839.00 4105.25 31.00 26.50
4811.00 4015.75 31.00 26.50
4810.00 4027.75 31.00 26.50
4890.00 3907.75 31.00 26.50
4759.50 3932.25 31.00 26.50
4947.17 4205.42 31.00 26.50
4931.17 4255.42 31.00 26.50
4492.83 4582.08 31.00 26.50
4591.17 4551.42 24.67 19.17
4550.83 4512.75 20.00 18.17
4473.17 4778.42 25.00 25.50
4227.83 4525.42 31.00 26.50
4265.83 4571.75 31.00 26.50
4217.17 4614.75 23.33 19.17
4272.50 4460.75 31.00 26.50
1725.75 4750.50 20.00 20.50
1548.00 4254.25 20.00 20.50
1672.50 4226.25 26.00 26.00
1739.00 4174.75 27.50 24.50
1754.50 4140.25 20.00 20.50
1777.00 4058.25 20.00 20.50
1866.00 4118.75 27.00 24.00
1844.00 4148.25 18.00 22.00
1086.00 4183.75 20.00 20.50
1203.00 4227.75 20.00 20.50
1137.00 4208.75 20.00 20.50
1277.00 4233.42 48.00 44.17
1427.00 4234.92 48.00 44.17
1165.67 4172.92 167.33 44.17
1422.67 4169.92 272.00 44.17
1676.17 3987.58 48.00 174.67
1729.50 3977.92 48.00 44.17
1739.00 3618.42 48.00 350.67
1673.00 3428.92 48.00 152.67
1737.00 3591.92 20.50 20.17
1674.00 3408.92 34.50 11.67
1070.00 3373.42 655.00 27.67
963.00 3371.92 104.00 22.17
1034.00 3415.92 48.00 716.17
1101.00 4108.92 91.00 44.17
935.00 3393.92 14.00 428.17
882.00 3820.92 48.00 18.17
873.50 3847.42 14.50 380.67
918.50 3894.42 23.50 25.17
949.25 3879.42 23.50 25.17
879.75 3771.92 23.50 25.17
942.75 3950.42 49.50 50.67
865.75 4255.42 23.50 25.17
939.25 4283.92 13.50 68.67
907.25 4247.42 23.50 25.17
955.25 4363.42 23.50 25.17
988.25 4388.42 23.50 25.17
1020.25 4425.42 790.00 19.67
1797.75 4168.42 17.50 183.67
1808.75 4139.42 11.50 21.17
1834.75 4114.92 23.50 25.17
1864.25 3650.92 15.50 461.67
1819.75 3625.42 45.00 10.67
1804.75 3518.42 10.50 97.17
1730.25 3504.92 82.50 5.17
1729.25 3383.92 23.50 115.17
1782.25 3436.92 23.50 19.67
1887.25 3462.92 23.50 25.17
1272.75 4013.42 52.50 46.67
1431.25 4015.42 45.50 45.17
1197.25 3920.42 49.50 46.67
1154.25 3885.42 23.50 25.17
1135.75 3915.42 23.50 25.17
1509.75 3916.67 53.00 51.92
1603.25 3875.42 23.50 25.17
1656.92 3783.08 50.83 54.50
1271.58 3689.75 193.83 204.50
1193.58 3706.75 50.83 167.50
1484.58 3680.75 72.83 157.50
1201.58 3623.75 344.83 71.50
9.25 3076.42 41.50 51.17
69.25 3148.42 41.50 51.17
133.25 3210.42 91.50 51.17
239.25 3280.42 115.50 51.17
385.25 3348.42 41.50 405.17
447.25 3740.42 41.50 197.17
517.25 3916.42 41.50 913.17
583.25 4808.42 41.50 49.17
649.25 4874.42 41.50 51.17
713.25 4940.42 403.50 51.17
1149.25 5002.42 3463.50 51.17
4617.25 4934.42 179.50 51.17
4753.25 4870.42 103.50 51.17
4875.25 4440.42 41.50 417.17
5005.25 4252.42 41.50 157.17
4943.25 4370.42 41.50 51.17
5071.25 4176.42 177.50 51.17
5265.25 4108.42 41.50 51.17
5391.25 3978.42 87.50 51.17
5325.25 4032.42 41.50 51.17
2.25 8.42 8.50 3060.17
16.25 3.42 5484.62 12.17
5496.16 18.05 5.14 5483.17
4646.42 3823.96 22.50 12.92
3804.58 3571.12 264.17 174.75
4409.92 3536.63 264.17 174.75
4088.92 3797.63 24.17 20.75
4111.92 3400.63 24.17 20.75
4493.92 3396.63 24.17 20.75
4487.92 3189.63 24.17 20.75
3889.92 3411.63 24.17 20.75
4141.92 3140.63 291.17 217.75
4005.92 3162.63 24.17 20.75
3956.92 3283.63 24.17 20.75
3507.25 3745.63 24.17 20.75
3573.25 3666.96 24.17 20.75
3314.58 3676.29 24.17 20.75
3316.92 3347.63 24.17 20.75
3379.92 3282.63 24.17 20.75
3747.92 3061.63 24.17 20.75
3375.92 2989.63 24.17 20.75
3097.92 3060.63 24.17 20.75
2983.92 3199.63 24.17 20.75
2741.92 3091.63 24.17 20.75
3126.92 3026.63 24.17 20.75
2673.92 3029.63 24.17 20.75
3153.92 2838.63 24.17 20.75
2792.92 2878.63 24.17 20.75
3131.92 2779.63 24.17 20.75
3031.92 2520.63 24.17 20.75
2976.92 2629.63 24.17 20.75
2831.92 2640.63 24.17 20.75
2789.92 2604.63 24.17 20.75
3189.25 2950.96 193.50 20.75
3207.92 2778.96 38.83 151.42
3095.92 2896.29 85.50 30.08
3083.92 2518.96 38.83 94.08
3089.08 2618.63 39.17 8.25
3165.92 2659.13 24.17 83.25
3145.92 2635.13 29.17 15.25
2894.42 2646.63 38.17 103.75
2915.92 2631.63 24.17 12.75
2950.92 2579.96 24.17 44.75
2968.92 2553.63 39.17 20.75
2998.92 2509.63 24.17 37.75
3059.92 2499.63 24.17 20.75
2951.92 2953.63 185.17 45.75
3148.92 2959.63 24.17 20.75
2769.92 2962.63 103.17 34.75
2700.92 2849.63 40.17 160.75
2818.92 2750.63 61.17 7.75
2757.92 2812.63 24.17 20.75
2788.92 2778.63 24.17 20.75
681.42 3839.63 17.67 451.75
692.92 4302.13 16.17 14.75
717.92 4313.63 17.67 13.75
741.92 4330.13 12.17 20.75
747.42 4356.63 13.17 76.75
772.92 4437.13 20.67 13.25
798.42 4459.63 20.67 7.75
813.92 4481.63 15.67 81.25
836.42 4559.63 71.17 10.75
919.92 4573.13 15.17 16.25
943.42 4594.63 8.67 33.25
958.92 4621.13 80.17 13.75
1050.42 4636.63 11.17 15.75
1069.92 4656.63 8.67 34.25
1086.92 4684.63 207.67 14.75
1333.42 4748.63 83.67 14.25
1305.92 4699.13 9.67 19.25
1318.92 4722.13 10.67 11.75
1420.42 4725.63 11.67 20.25
1432.92 4705.13 17.67 12.75
1464.92 4682.13 64.67 20.75
1604.92 4679.63 449.17 20.75
2061.42 4664.13 9.17 18.75
2069.92 4642.13 17.67 9.25
2104.92 4638.13 32.67 27.25
2096.42 4625.63 10.17 7.25
2110.42 4616.63 24.17 20.75
2126.42 4593.13 14.67 18.75
2139.92 4578.13 18.67 10.75
2160.92 4556.63 29.67 13.75
2185.92 4480.13 12.67 69.25
2199.92 4451.63 13.67 13.25
2247.92 4224.13 10.17 212.75
2221.42 4433.63 18.67 10.75
2258.92 4193.13 7.67 27.25
2310.42 4027.63 13.67 144.75
2277.42 4183.13 12.17 12.75
2294.42 4175.63 13.67 7.75
2236.92 4016.63 29.67 24.75
2263.42 4011.13 45.17 12.75
2246.42 3840.13 15.67 169.75
2218.92 3823.13 24.17 10.25
2187.42 3770.63 10.17 29.25
2200.42 3808.13 10.67 13.75
2122.42 3526.63 7.67 199.25
2131.92 3738.63 14.67 11.25
2151.92 3755.63 24.17 7.25
2080.67 3501.63 45.17 10.25
1923.17 3438.13 134.17 9.25
2057.42 3455.88 15.17 18.25
2069.42 3478.38 15.17 18.25
1890.42 3440.38 26.67 4.75
1864.92 3381.88 12.17 32.75
1879.42 3424.88 8.67 9.25
1805.42 3325.38 12.17 46.75
1824.92 3367.38 26.67 12.25
1735.92 3199.38 10.17 68.25
1742.92 3278.38 9.67 15.25
1756.42 3308.88 41.67 4.75
834.42 3182.88 909.17 8.75
813.42 3193.38 6.17 489.25
791.42 3706.38 27.17 24.25
769.92 3693.88 38.67 11.75
747.92 3709.38 7.17 100.25
702.42 3823.88 34.67 7.25
683.92 4402.38 45.17 51.25
654.42 4368.88 15.17 18.25
5451.75 3790.87 38.17 85.58
5075.42 3795.88 357.17 31.25
4821.42 3856.88 273.17 28.25
4809.92 3796.38 30.67 52.25
4748.42 3422.88 32.50 383.58
4684.42 3286.88 36.50 140.92
4628.42 3097.54 21.83 199.58
4656.92 3073.38 45.67 7.75
4693.42 3026.38 29.67 38.75
4719.92 3010.38 221.17 7.75
4942.92 3023.88 32.67 38.75
4934.92 3069.88 20.67 25.75
4906.75 2945.54 15.17 53.92
4848.42 2882.87 15.17 18.25
4982.17 3071.63 154.17 4.00
5132.42 3091.54 35.50 39.92
5177.42 3136.21 323.83 2.92
5442.42 3005.88 56.17 63.75
5127.92 2983.38 312.67 18.25
5129.42 2935.38 15.17 35.25
4870.92 2920.38 251.67 18.25
4868.42 2894.38 15.17 18.25
4554.42 2852.38 305.67 18.25
4549.42 2822.88 15.17 18.25
4168.92 2792.88 373.67 18.25
3847.92 2728.88 312.67 18.25
4166.42 2756.38 15.17 18.25
3848.42 2697.88 15.17 18.25
3656.92 2662.88 199.17 18.25
3651.42 2498.88 183.17 153.75
3842.92 2562.88 499.67 18.25
4331.92 2583.88 15.17 48.75
4355.42 2631.38 239.67 18.25
4585.42 2659.88 15.17 31.25
4608.42 2694.38 307.67 18.25
4906.42 2720.88 15.17 18.25
4913.92 2755.38 326.67 18.25
5227.42 2781.38 15.17 38.25
5249.42 2820.88 239.67 18.25
4845.08 1990.21 9.83 686.92
4859.08 1970.21 37.17 8.25
4904.42 1222.88 15.17 736.25
4871.75 1169.54 15.17 18.25
4845.08 1026.21 15.17 140.92
4888.42 1181.54 15.17 18.25
4830.42 996.21 15.17 18.25
4805.75 977.54 15.17 18.25
4769.08 936.21 15.17 18.25
4781.08 962.21 15.17 18.25
4744.42 914.21 15.17 18.25
4718.42 704.88 15.17 208.92
4695.75 669.54 15.17 18.25
4663.75 651.54 15.17 18.25
4633.08 606.88 15.17 18.25
4537.75 588.88 77.83 18.25
4521.08 566.21 15.17 18.25
4501.08 542.21 15.17 18.25
4223.75 521.54 263.17 18.25
4182.42 476.88 15.17 18.25
4203.08 498.88 15.17 18.25
3709.08 456.88 457.83 18.25
3678.42 422.88 15.17 18.25
3129.08 395.54 535.83 18.25
3107.75 362.88 15.17 18.25
2813.75 330.88 257.17 18.25
3084.42 338.88 15.17 18.25
2625.75 270.88 143.17 18.25
2783.08 288.88 15.17 18.25
2552.42 205.54 15.17 18.25
2601.75 242.21 15.17 18.25
2586.42 213.54 15.17 18.25
2539.08 125.54 15.17 68.92
2472.42 24.88 15.17 34.25
2517.08 92.21 15.17 18.25
2487.75 73.54 15.17 18.25
26.00 2703.00 395.00 43.00
393.67 2756.00 44.00 36.00
452.00 2768.67 1117.00 36.00
1551.00 2824.00 44.00 36.00
1604.00 2831.00 357.00 36.00
1934.00 2891.00 165.00 36.00
2189.00 2904.00 283.00 36.00
2445.00 2846.00 44.00 36.00
2498.00 2823.00 44.00 36.00
2514.00 2773.00 74.00 36.00
2573.00 2650.00 44.00 103.00
2635.00 2521.00 44.00 140.00
2697.00 2388.00 44.00 139.00
2761.00 2254.00 44.00 139.00
2826.00 2072.00 44.00 197.00
2893.00 1427.00 44.00 646.00
2958.00 1236.00 44.00 200.00
3015.00 1110.00 44.00 136.00
2954.00 975.00 44.00 97.00
2888.00 852.00 44.00 90.00
2760.00 722.00 44.00 36.00
2826.00 792.00 44.00 36.00
2692.00 660.00 44.00 36.00
2636.00 633.00 44.00 36.00
2571.00 534.00 44.00 80.00
2507.00 473.00 44.00 36.00
2504.00 663.00 44.00 263.00
2250.00 917.00 240.00 36.00
1945.00 916.00 216.00 36.00
1931.00 967.00 44.00 80.00
1871.00 1048.00 44.00 139.00
1905.00 1039.00 44.00 36.00
1804.00 1175.00 44.00 135.00
1750.00 1302.00 44.00 36.00
1731.00 1352.00 44.00 36.00
1673.00 1365.00 44.00 140.00
1613.00 1490.00 44.00 77.00
1559.00 1557.00 44.00 36.00
1536.00 1608.00 44.00 36.00
1488.00 1628.00 44.00 117.00
1434.00 1743.00 64.00 36.00
1421.00 1787.00 44.00 98.00
1372.00 1873.00 44.00 36.00
1354.00 1911.00 44.00 156.00
1302.00 2062.50 64.50 36.00
1290.00 2110.50 44.00 384.00
1244.50 2508.00 82.00 36.00
1050.00 2575.00 208.50 36.00
879.50 2639.00 177.00 36.00
840.50 2585.50 44.00 64.00
772.00 2607.50 44.00 36.00
31.52 2581.50 812.49 36.00
1974.67 2196.67 330.67 201.33
1660.67 1954.00 256.00 192.00
2083.33 1247.33 436.00 456.00
2528.67 1315.33 58.67 440.00
2144.67 1727.33 356.00 36.00
2031.33 1511.33 58.67 117.33
2343.33 1775.33 44.00 36.00
392.00 1600.00 14.00 453.00
455.00 2116.00 15.00 323.00
408.00 2088.00 44.00 11.00
245.00 2508.00 146.00 17.00
394.00 2477.00 21.00 15.00
417.00 2458.00 18.00 7.00
220.00 2466.00 22.00 14.00
172.00 2445.00 44.00 14.00
169.00 2369.00 17.00 68.00
62.00 2318.00 82.00 10.00
154.00 2338.00 12.00 17.00
20.00 2266.33 18.33 21.67
45.33 2288.33 10.33 36.00
348.00 1576.67 28.67 10.00
329.33 1528.00 13.33 36.00
224.00 1517.33 92.00 6.00
202.67 1470.00 16.00 36.00
100.00 1455.33 97.33 9.33
20.67 1389.33 60.00 11.33
77.33 1407.33 17.33 36.00
450.00 1053.00 169.00 280.00
393.00 712.00 44.00 625.00
444.00 922.00 45.00 125.00
508.00 994.00 44.00 36.00
17.00 977.00 112.00 36.00
87.00 1024.00 44.00 36.00
142.00 1068.00 44.00 36.00
174.00 1121.00 44.00 36.00
219.00 1163.00 162.00 36.00
341.00 1212.00 44.00 36.00
330.00 464.00 44.00 183.00
375.00 652.00 44.00 36.00
447.00 332.00 44.00 36.00
388.00 382.00 44.00 36.00
333.00 410.00 44.00 36.00
527.00 339.00 137.00 36.00
668.00 388.00 262.00 41.00
949.00 367.00 193.00 36.00
1061.00 398.00 44.00 36.00
1100.00 443.00 76.00 96.00
1160.00 556.00 81.00 188.00
1125.00 737.00 44.00 36.00
1104.00 771.00 54.00 164.00
1074.00 918.00 44.00 36.00
1046.00 947.00 44.00 36.00
826.00 1044.00 203.00 158.00
1042.00 998.00 44.00 36.00
786.00 1072.00 44.00 108.00
1026.00 1128.00 44.00 36.00
1077.00 1101.00 44.00 36.00
1098.00 1086.00 44.00 36.00
1144.00 1036.00 44.00 36.00
1169.00 984.00 44.00 36.00
1218.00 960.00 44.00 36.00
1268.00 908.00 177.00 36.00
1425.33 852.67 44.00 36.00
1481.33 820.67 44.00 36.00
1536.00 782.67 164.00 36.00
1676.00 590.00 44.00 192.00
1730.00 22.00 44.00 562.00
1932.00 17.50 44.00 36.00
1996.00 86.00 44.00 95.00
2058.50 214.00 44.00 36.00
2122.00 276.00 44.00 100.67
2250.00 404.00 44.00 36.00
2184.67 383.33 76.67 3.33
2315.33 468.00 44.00 36.00
2372.67 529.33 44.00 36.00
2441.33 587.33 44.00 36.00
2444.00 402.67 44.00 36.00
2376.67 342.67 44.00 36.00
2312.00 210.67 44.00 108.00
2252.67 156.00 44.00 36.00
2185.33 22.00 44.00 100.67
4305.67 4540.67 44.00 36.00
4446.33 4538.33 44.00 36.00
3453.00 3020.00 53.00 12.00
3589.00 3022.25 190.33 12.00
3796.83 3036.00 15.00 12.00
3814.50 3062.00 15.00 12.00
3832.50 3082.67 252.33 12.00
3267.50 2307.33 117.00 307.00
3335.00 2248.00 169.00 51.00
3459.50 2114.00 118.00 118.50
3399.50 2185.00 51.00 54.00
