Character 13
Player 4223.94 3661.26
Character 3506.50 4660.50
Character 3648.00 3776.00
Player 4282.67 3466.00
Character 1280.00 4544.00
Character 4885.00 4210.00
Player 734.67 984.00
Character 596.00 2437.33
Player 1372.67 4073.33
Character 3328.00 2880.00
Character 4096.00 2048.00
Player 4318.32 1482.47
Player 1790.75 2304.25
Coast 236
4224.00 4992.00
4288.00 4992.00
4352.00 4992.00
4416.00 4992.00
4480.00 4992.00
4160.00 4992.00
3648.00 2688.00
3712.00 2688.00
3776.00 2688.00
3648.00 2432.00
3712.00 2432.00
3776.00 2432.00
3584.00 2496.00
3584.00 2560.00
3584.00 2624.00
3584.00 2688.00
3584.00 2432.00
3840.00 2432.00
3904.00 2496.00
3840.00 2496.00
5440.00 3968.00
5184.00 4160.00
5120.00 4160.00
5376.00 3968.00
5312.00 4032.00
5248.00 4096.00
5056.00 4160.00
4992.00 4224.00
5376.00 4032.00
5312.00 4096.00
5248.00 4160.00
5056.00 4224.00
4992.00 4288.00
4864.00 4480.00
4864.00 4544.00
4864.00 4608.00
4864.00 4672.00
4864.00 4736.00
4864.00 4800.00
4544.00 4992.00
4992.00 4352.00
4928.00 4416.00
4928.00 4352.00
4864.00 4416.00
4864.00 4864.00
4736.00 4928.00
4608.00 4992.00
4736.00 4864.00
4608.00 4928.00
4672.00 4928.00
4800.00 4864.00
3840.00 4992.00
3904.00 4992.00
3968.00 4992.00
4032.00 4992.00
4096.00 4992.00
3776.00 4992.00
3456.00 4992.00
3520.00 4992.00
3584.00 4992.00
3648.00 4992.00
3712.00 4992.00
3392.00 4992.00
3072.00 4992.00
3136.00 4992.00
3200.00 4992.00
3264.00 4992.00
3328.00 4992.00
3008.00 4992.00
2688.00 4992.00
2752.00 4992.00
2816.00 4992.00
2880.00 4992.00
2944.00 4992.00
2624.00 4992.00
2304.00 4992.00
2368.00 4992.00
2432.00 4992.00
2496.00 4992.00
2560.00 4992.00
2240.00 4992.00
1920.00 4992.00
1984.00 4992.00
2048.00 4992.00
2112.00 4992.00
2176.00 4992.00
1856.00 4992.00
1536.00 4992.00
1600.00 4992.00
1664.00 4992.00
1728.00 4992.00
1792.00 4992.00
1472.00 4992.00
1024.00 4928.00
1216.00 4992.00
1280.00 4992.00
1344.00 4992.00
1408.00 4992.00
960.00 4928.00
768.00 4928.00
832.00 4928.00
896.00 4928.00
1088.00 4928.00
1088.00 4992.00
1152.00 4992.00
640.00 4928.00
576.00 4864.00
512.00 4800.00
576.00 4800.00
640.00 4864.00
704.00 4928.00
512.00 4736.00
512.00 4672.00
512.00 4544.00
512.00 4608.00
512.00 4480.00
512.00 4416.00
512.00 4352.00
512.00 4224.00
512.00 4288.00
512.00 4160.00
448.00 3840.00
448.00 3776.00
512.00 4032.00
512.00 4096.00
512.00 3968.00
384.00 3648.00
384.00 3584.00
384.00 3456.00
384.00 3520.00
384.00 3392.00
448.00 3904.00
384.00 3712.00
320.00 3328.00
192.00 3264.00
64.00 3200.00
0.00 3136.00
128.00 3200.00
256.00 3264.00
512.00 3904.00
448.00 3712.00
384.00 3328.00
320.00 3264.00
192.00 3200.00
64.00 3136.00
0.00 3072.00
3904.00 2752.00
4032.00 2752.00
3968.00 2752.00
4160.00 2816.00
4288.00 2816.00
4224.00 2816.00
4352.00 2816.00
4544.00 2880.00
4672.00 2880.00
4608.00 2880.00
4736.00 2880.00
4416.00 2816.00
4864.00 2944.00
4992.00 2944.00
4928.00 2944.00
5120.00 3008.00
5248.00 3008.00
5184.00 3008.00
5312.00 3008.00
3776.00 2752.00
3840.00 2752.00
4032.00 2496.00
3968.00 2496.00
4096.00 2496.00
4224.00 2496.00
4160.00 2496.00
4352.00 2560.00
4480.00 2560.00
4416.00 2560.00
4288.00 2496.00
4544.00 2560.00
4736.00 2624.00
4672.00 2624.00
4800.00 2624.00
4864.00 2624.00
4992.00 2688.00
5120.00 2688.00
5056.00 2688.00
5184.00 2688.00
5376.00 2752.00
5440.00 2752.00
5312.00 2752.00
4352.00 2496.00
4608.00 2560.00
4608.00 2624.00
4928.00 2688.00
4928.00 2624.00
5248.00 2688.00
5248.00 2752.00
4096.00 2752.00
4096.00 2816.00
4480.00 2816.00
4480.00 2880.00
4800.00 2880.00
4800.00 2944.00
5056.00 2944.00
5056.00 3008.00
5376.00 3008.00
5376.00 3072.00
5440.00 3072.00
3200.00 2240.00
3264.00 2176.00
3328.00 2112.00
3392.00 2048.00
3264.00 2240.00
3328.00 2176.00
3392.00 2112.00
3456.00 2048.00
3520.00 2048.00
3584.00 2048.00
3584.00 2112.00
3584.00 2176.00
3200.00 2304.00
3200.00 2368.00
3200.00 2432.00
3200.00 2496.00
3264.00 2624.00
3328.00 2624.00
3200.00 2560.00
3200.00 2624.00
3392.00 2304.00
3520.00 2240.00
3584.00 2240.00
3520.00 2304.00
3456.00 2304.00
3392.00 2432.00
3392.00 2368.00
3392.00 2496.00
3392.00 2560.00
3392.00 2624.00
Monster 316
4096.00 4032.00 forest
4032.00 4032.00 forest
3968.00 4032.00 forest
3968.00 4096.00 forest
4032.00 4096.00 forest
4096.00 4096.00 forest
2624.00 3456.00 forest
2688.00 3456.00 forest
2624.00 3392.00 forest
2560.00 3392.00 forest
2560.00 3456.00 forest
2688.00 3520.00 forest
2624.00 3520.00 forest
2752.00 3520.00 forest
2752.00 3584.00 forest
2816.00 3584.00 forest
2816.00 3648.00 forest
2880.00 3712.00 forest
2880.00 3648.00 forest
2496.00 3392.00 forest
2496.00 3328.00 forest
2432.00 3328.00 forest
2432.00 3392.00 forest
2496.00 3456.00 forest
2368.00 3328.00 forest
2368.00 3264.00 forest
2944.00 2880.00 forest
3008.00 2752.00 forest
3008.00 2688.00 forest
2944.00 2688.00 forest
2880.00 2816.00 forest
2880.00 2752.00 forest
2944.00 2752.00 forest
3008.00 2880.00 forest
3008.00 2816.00 forest
2944.00 2816.00 forest
2880.00 2880.00 forest
2816.00 2752.00 forest
3584.00 2752.00 forest
3648.00 2752.00 forest
3712.00 2752.00 forest
3584.00 2816.00 forest
3648.00 2816.00 forest
3712.00 2816.00 forest
3584.00 2880.00 forest
3648.00 2880.00 forest
3712.00 2880.00 forest
3776.00 2816.00 forest
3840.00 2816.00 forest
3904.00 2816.00 forest
3776.00 2880.00 forest
3840.00 2880.00 forest
3904.00 2880.00 forest
3776.00 2944.00 forest
3840.00 2944.00 forest
3904.00 2944.00 forest
3968.00 2880.00 forest
4032.00 2880.00 forest
4096.00 2880.00 forest
3968.00 2944.00 forest
4032.00 2944.00 forest
4096.00 2944.00 forest
3968.00 3008.00 forest
4032.00 3008.00 forest
4096.00 3008.00 forest
3968.00 2816.00 forest
4032.00 2816.00 forest
3456.00 3328.00 forest
3520.00 3328.00 forest
3584.00 3328.00 forest
3456.00 3392.00 forest
3520.00 3392.00 forest
3584.00 3392.00 forest
3456.00 3456.00 forest
3520.00 3456.00 forest
3584.00 3456.00 forest
3456.00 3136.00 forest
3520.00 3136.00 forest
3584.00 3136.00 forest
3456.00 3200.00 forest
3520.00 3200.00 forest
3584.00 3200.00 forest
3456.00 3264.00 forest
3520.00 3264.00 forest
3584.00 3264.00 forest
3648.00 3328.00 forest
3648.00 3392.00 forest
3648.00 3456.00 forest
3648.00 3136.00 forest
3712.00 3136.00 forest
3776.00 3136.00 forest
3648.00 3200.00 forest
3712.00 3200.00 forest
3776.00 3200.00 forest
3648.00 3264.00 forest
3712.00 3264.00 forest
3776.00 3264.00 forest
4288.00 4032.00 forest
4224.00 4032.00 forest
4160.00 4032.00 forest
4160.00 4096.00 forest
4224.00 4096.00 forest
4288.00 4096.00 forest
4480.00 4032.00 forest
4416.00 4032.00 forest
4352.00 4032.00 forest
4352.00 4096.00 forest
4416.00 4096.00 forest
4480.00 4096.00 forest
4288.00 3968.00 forest
4480.00 3968.00 forest
4416.00 3968.00 forest
4352.00 3968.00 forest
2304.00 832.00 ice
2368.00 768.00 ice
2432.00 768.00 ice
2432.00 832.00 ice
2368.00 832.00 ice
2304.00 768.00 ice
3456.00 1280.00 forest
3520.00 1280.00 forest
3584.00 1280.00 forest
3456.00 1344.00 forest
3520.00 1344.00 forest
3584.00 1344.00 forest
3456.00 1408.00 forest
3520.00 1408.00 forest
3584.00 1408.00 forest
3392.00 1344.00 forest
3392.00 1408.00 forest
3392.00 1472.00 forest
3328.00 1408.00 forest
3328.00 1472.00 forest
3328.00 1536.00 forest
3456.00 1472.00 forest
3520.00 1472.00 forest
3456.00 1536.00 forest
3520.00 1536.00 forest
3456.00 1600.00 forest
3520.00 1600.00 forest
3392.00 1536.00 forest
3328.00 1600.00 forest
3392.00 1600.00 forest
3328.00 1728.00 forest
3456.00 1728.00 forest
3520.00 1728.00 forest
3456.00 1792.00 forest
3520.00 1792.00 forest
3392.00 1728.00 forest
3328.00 1792.00 forest
3392.00 1792.00 forest
3392.00 1856.00 forest
3456.00 1856.00 forest
3264.00 1856.00 forest
3328.00 1856.00 forest
640.00 2112.00 ice
704.00 2112.00 ice
768.00 2112.00 ice
640.00 2176.00 ice
704.00 2176.00 ice
768.00 2176.00 ice
640.00 2240.00 ice
704.00 2240.00 ice
768.00 2240.00 ice
832.00 2176.00 ice
896.00 2176.00 ice
960.00 2176.00 ice
832.00 2240.00 ice
896.00 2240.00 ice
960.00 2240.00 ice
960.00 2048.00 ice
1024.00 2048.00 ice
1088.00 2048.00 ice
960.00 2112.00 ice
1024.00 2112.00 ice
1088.00 2112.00 ice
3968.00 2176.00 sand
4032.00 2176.00 sand
3648.00 2048.00 forest
4096.00 2176.00 sand
4160.00 2176.00 sand
4224.00 2176.00 sand
4096.00 2240.00 sand
4160.00 2240.00 sand
4224.00 2240.00 sand
4096.00 2304.00 sand
4160.00 2304.00 sand
4224.00 2304.00 sand
4096.00 2368.00 sand
4160.00 2368.00 sand
4224.00 2368.00 sand
4288.00 2240.00 sand
4352.00 2240.00 sand
4416.00 2240.00 sand
4288.00 2304.00 sand
4352.00 2304.00 sand
4416.00 2304.00 sand
4288.00 2368.00 sand
4352.00 2368.00 sand
4416.00 2368.00 sand
4480.00 2240.00 sand
3968.00 2240.00 sand
4032.00 2240.00 sand
4480.00 2304.00 sand
3968.00 2304.00 sand
4032.00 2304.00 sand
4480.00 2368.00 sand
3968.00 2368.00 sand
4032.00 2368.00 sand
4288.00 2176.00 sand
2688.00 896.00 ice
2752.00 896.00 ice
2624.00 896.00 ice
2688.00 960.00 ice
2752.00 960.00 ice
2624.00 960.00 ice
3904.00 2240.00 sand
3776.00 2048.00 forest
3840.00 2048.00 forest
3776.00 2112.00 forest
3840.00 2112.00 forest
3712.00 2048.00 forest
3712.00 2112.00 forest
3648.00 2112.00 forest
2944.00 2240.00 forest
3072.00 2240.00 forest
3136.00 2240.00 forest
3072.00 2304.00 forest
3136.00 2304.00 forest
3008.00 2240.00 forest
3008.00 2304.00 forest
2944.00 2304.00 forest
3072.00 2368.00 forest
3136.00 2368.00 forest
3008.00 2368.00 forest
2944.00 2368.00 forest
3008.00 3264.00 forest
3072.00 3328.00 forest
3072.00 3200.00 forest
3136.00 3264.00 forest
3072.00 3264.00 forest
3136.00 3328.00 forest
3136.00 3392.00 forest
3200.00 3456.00 forest
3200.00 3328.00 forest
3264.00 3392.00 forest
3200.00 3392.00 forest
3264.00 3456.00 forest
3648.00 1536.00 forest
3776.00 1536.00 forest
3840.00 1536.00 forest
3776.00 1600.00 forest
3840.00 1600.00 forest
3712.00 1536.00 forest
3712.00 1600.00 forest
3648.00 1600.00 forest
3712.00 1472.00 forest
3776.00 1472.00 forest
3712.00 1408.00 forest
3776.00 1408.00 forest
4480.00 1792.00 forest
4544.00 1792.00 forest
4480.00 1856.00 forest
4544.00 1856.00 forest
4480.00 1920.00 forest
4544.00 1920.00 forest
4480.00 1728.00 forest
4544.00 1728.00 forest
4608.00 1792.00 forest
4608.00 1728.00 forest
2688.00 1024.00 ice
2752.00 1024.00 ice
2624.00 1024.00 ice
2688.00 1088.00 ice
2752.00 1088.00 ice
2624.00 1088.00 ice
2496.00 960.00 ice
2560.00 960.00 ice
2432.00 960.00 ice
2496.00 1024.00 ice
2560.00 1024.00 ice
2432.00 1024.00 ice
2496.00 1088.00 ice
2560.00 1088.00 ice
2432.00 1088.00 ice
2496.00 1152.00 ice
2560.00 1152.00 ice
2432.00 1152.00 ice
2624.00 1152.00 ice
2688.00 1152.00 ice
2368.00 960.00 ice
2368.00 1024.00 ice
2368.00 1088.00 ice
2368.00 1152.00 ice
2304.00 960.00 ice
2304.00 1024.00 ice
2304.00 1088.00 ice
2304.00 1152.00 ice
3712.00 4288.00 sand
3776.00 4288.00 sand
3840.00 4288.00 sand
3904.00 4288.00 sand
3968.00 4288.00 sand
3968.00 4352.00 sand
3904.00 4352.00 sand
3840.00 4352.00 sand
3776.00 4352.00 sand
3712.00 4352.00 sand
256.35 2368.08 ice
320.95 2368.05 ice
255.50 2305.00 ice
321.00 2304.00 ice
64.50 1856.67 ice
64.00 1792.00 ice
0.03 1792.21 ice
-0.18 1856.00 ice
Palm 24
564.00 3056.00
588.00 3376.00
1516.00 4452.00
2036.00 4244.00
1984.00 3888.00
2460.00 4144.00
2944.00 4600.00
3100.00 4176.00
3784.00 4336.00
2024.00 4740.00
1264.00 4776.00
856.00 4672.00
112.00 2980.00
2192.00 3628.00
1948.00 3580.00
1428.00 3180.00
924.00 3160.00
668.00 3864.00
3976.00 4512.00
4712.00 4124.00
4660.00 4440.00
2452.00 4364.00
4576.00 4148.00
5256.00 3828.00
Rock 43
3856.00 4718.00
4296.00 4830.00
3340.00 4194.00
2612.00 4414.00
2668.00 4198.00
1732.00 4810.00
964.00 4494.00
728.00 4570.00
1008.00 4230.00
592.00 3594.00
392.00 3194.00
2280.00 3186.00
3916.00 3166.00
4940.00 3702.00
5348.00 3626.00
4788.00 3286.00
4972.00 2542.00
4920.00 2362.00
4332.00 2062.00
3876.00 1770.00
3356.00 994.00
2652.00 722.00
2004.00 806.00
234.00 2037.50
252.00 1646.00
768.00 1766.00
728.00 2482.00
1420.00 2670.00
3092.00 2662.00
3824.00 2358.00
3340.00 2010.00
2744.00 402.00
3528.00 502.00
4216.00 618.00
3848.00 1354.00
5172.00 1450.00
4988.00 1142.00
4800.00 750.00
5104.00 706.00
5112.00 498.00
4128.00 254.00
5416.00 834.00
5244.00 1786.00
Tree 70
4728.00 -20.00
4936.00 196.00
5272.00 44.00
4200.00 140.00
3380.00 72.00
3712.00 96.00
2948.00 16.00
4616.00 228.00
4964.00 500.00
5232.00 368.00
4408.00 32.00
3944.00 36.00
4400.00 248.00
3532.00 128.00
3148.00 0.00
2684.00 32.00
3756.00 476.00
3932.00 232.00
4736.00 424.00
5096.00 192.00
4936.00 -12.00
2856.00 360.00
5124.00 864.00
4956.00 664.00
5232.00 608.00
5288.00 1212.00
5332.00 904.00
5048.00 1116.00
5264.00 1504.00
5020.00 1396.00
5076.00 1832.00
5028.00 1600.00
5316.00 1856.00
5032.00 2096.00
5272.00 2384.00
5220.00 2120.00
5028.00 2372.00
4904.00 2004.00
4592.00 1096.00
4000.00 872.00
4244.00 744.00
4340.00 536.00
4520.00 796.00
3608.00 640.00
3116.00 376.00
3204.00 728.00
3340.00 516.00
3748.00 916.00
4116.00 1468.00
4268.00 1708.00
3164.00 1608.00
3692.00 1804.00
4612.00 2136.00
3664.00 2236.00
3132.00 1984.00
4916.00 3088.00
5208.00 3276.00
4916.00 3328.00
4796.00 3024.00
5276.00 3100.00
5100.00 3140.00
5076.00 3452.00
3184.00 3004.00
2636.00 2968.00
3320.00 3596.00
3836.00 1136.00
3960.00 636.00
1984.00 3012.00
3472.00 2416.00
3580.00 3860.00
IceTree 36
948.00 1516.00
1244.00 1308.00
568.00 1588.00
52.00 1148.00
748.00 1348.00
140.00 1784.00
44.00 1576.00
208.00 2108.00
56.00 1936.00
684.00 1820.00
1124.00 1788.00
1004.00 1300.00
1528.00 980.00
2028.00 480.00
1860.00 652.00
1880.00 288.00
851.15 367.64
484.49 340.36
1039.03 537.33
448.12 1364.61
1681.45 2349.45
2017.82 2537.33
1405.70 2246.42
2657.21 1825.21
2693.58 1267.64
1772.36 1464.61
1311.76 2540.36
1696.61 2579.76
2423.88 2482.79
2536.00 2143.39
1081.45 2261.58
2392.00 1872.00
1688.00 872.00
2050.66 9.33
1800.00 16.00
2298.00 2.67
BasicSprite 16
4352.00 3456.00 graphics/objects/house_small_alt.png
3776.00 3456.00 graphics/objects/house_small.png
1601.00 3924.50 graphics/objects/ruin_pillar_broke.png
1098.00 3834.00 graphics/objects/ruin_pillar.png
2012.00 2072.00 graphics/objects/house_large.png
4292.00 4463.50 graphics/objects/gate_pillar.png
4448.00 4463.50 graphics/objects/gate_pillar.png
4288.00 4400.00 graphics/objects/gate_top.png
1267.00 3939.75 graphics/objects/gate_pillar.png
1421.67 3941.08 graphics/objects/gate_pillar.png
1261.67 3877.58 graphics/objects/gate_top.png
1089.33 3268.67 graphics/objects/ruin_pillar.png
1598.00 3270.50 graphics/objects/ruin_pillar.png
1271.83 4162.75 graphics/objects/gate_pillar.png
1418.83 4162.75 graphics/objects/gate_pillar.png
1261.83 4098.58 graphics/objects/gate_top.png
Arena 3
Water 514.00 445.00
Fire 1152.00 3456.00
Plant 4104.00 960.00
Hospital 2
1600.00 1792.00
4096.00 3008.00
Collision 384
4832.33 1976.50 33.33 580.83
4857.00 1952.00 67.50 22.50
4899.00 1203.00 25.00 744.00
4856.00 1164.67 37.00 24.00
4843.00 1013.25 14.00 139.00
4777.00 940.33 15.00 41.67
4709.00 689.00 29.00 227.50
4684.50 657.50 20.50 18.50
4529.50 589.50 92.50 16.00
4220.00 524.00 268.00 18.50
3721.00 462.50 441.50 13.50
3140.00 393.50 523.50 25.50
3669.00 413.00 21.50 22.50
2833.50 328.00 263.00 21.50
3117.50 382.50 16.50 20.50
2632.00 264.50 145.00 23.50
2781.00 285.00 14.00 24.50
2609.00 252.33 15.00 31.67
595.00 1056.00 28.00 281.00
427.00 703.00 15.00 159.00
779.00 1047.00 312.00 146.00
1097.00 748.00 16.00 164.00
1161.00 1021.00 49.00 55.00
1223.00 946.00 56.00 64.00
1264.00 908.00 189.00 46.00
1443.00 820.00 85.00 73.00
1529.00 812.00 178.00 11.00
1701.00 643.00 26.00 144.00
390.00 1861.33 18.67 217.00
330.67 1544.33 29.33 42.33
449.67 2102.33 24.00 358.33
255.67 2504.67 139.67 19.33
1939.00 914.00 228.00 34.33
2246.67 911.33 288.33 35.33
2508.33 662.67 35.33 241.33
2448.00 590.33 27.67 45.67
19.33 2578.67 864.00 39.33
1039.34 2580.00 190.00 33.33
1232.67 2504.00 40.67 89.33
1300.00 2063.34 33.33 474.00
1356.67 1874.67 40.00 211.33
1420.00 1754.67 45.33 139.33
1485.33 1624.67 43.33 144.00
1548.67 1555.33 42.67 84.67
1613.33 1490.67 47.33 84.67
1678.00 1361.33 34.67 148.67
1742.00 1296.00 36.67 88.00
1806.67 1168.67 29.33 152.00
1868.67 1046.00 36.67 144.00
1933.34 960.00 36.67 104.00
437.33 2773.00 1141.67 36.33
1574.00 2825.00 398.00 51.00
1943.00 2885.00 163.00 51.00
2187.00 2886.00 302.00 60.00
2446.00 2822.00 106.00 54.00
2511.00 2748.00 105.00 58.00
2564.00 2656.00 53.00 90.00
2633.00 2506.00 44.00 187.00
2694.00 2377.00 49.00 190.00
2757.00 2257.00 48.00 165.00
2829.00 2054.00 45.00 237.00
2881.00 1420.00 68.00 690.00
2948.00 1230.00 57.00 237.00
3014.00 1102.00 45.00 167.00
2948.00 975.00 48.00 109.00
2888.00 845.00 50.00 119.00
2824.00 785.00 45.00 45.00
2760.00 719.00 43.00 61.00
3674.00 1242.00 25.00 271.00
3629.00 1515.00 63.00 23.00
3625.00 1549.00 22.00 101.00
3620.00 1731.00 22.00 157.00
3562.00 1920.00 14.00 28.00
3182.00 1960.00 377.00 13.00
3143.00 1630.00 29.00 340.00
3197.00 1447.00 21.00 176.00
3267.00 1404.00 26.00 17.00
3294.00 1358.00 19.00 38.00
3453.00 1133.00 28.00 44.00
3620.00 1136.00 31.00 129.00
3484.00 1105.00 141.00 17.00
3146.00 2954.50 277.50 18.50
3420.50 2977.50 20.00 26.50
3593.33 3016.67 184.33 18.67
3850.00 3088.50 235.00 7.50
4609.00 3083.00 56.00 232.00
4680.00 3017.33 53.00 47.67
4681.00 3282.00 50.00 156.00
4742.50 3399.00 51.00 430.00
4810.50 3797.50 51.00 86.50
4940.66 4363.67 57.00 57.00
4885.00 4429.00 158.00 476.00
4754.00 4880.33 160.00 106.00
4627.34 4937.33 163.00 105.00
1142.66 5006.00 3480.67 60.00
700.33 4937.33 444.00 15.00
591.33 4870.67 105.33 64.00
522.00 4814.00 104.00 46.67
490.67 3927.33 56.00 853.33
407.33 3731.33 78.00 260.00
360.00 3346.67 66.00 356.67
214.00 3276.00 151.33 56.67
98.33 3204.67 152.00 53.33
50.33 3143.34 72.67 49.33
9.33 3074.67 49.33 53.33
5007.50 4234.17 57.00 162.33
3493.50 4095.00 411.00 30.00
3251.50 4042.00 206.50 20.00
3126.25 3982.50 90.00 17.00
2993.50 3918.50 88.00 16.00
2864.00 3843.00 82.00 30.00
2799.67 3767.33 9.67 30.00
2481.00 3596.00 99.00 18.00
2463.50 3568.50 22.00 12.00
2400.00 3492.50 19.00 19.00
2029.67 3274.17 100.67 16.67
2167.17 3345.50 98.00 12.67
1997.33 3220.50 24.67 30.00
1967.00 3179.50 17.17 30.00
1952.75 3104.50 28.00 70.50
1910.42 3090.33 27.83 14.00
2244.17 4213.83 17.33 225.50
2250.50 3845.58 17.00 171.33
2302.00 4030.33 34.00 155.83
2118.50 3522.58 20.00 228.33
2199.00 3805.83 34.00 27.83
2058.50 3446.58 13.50 48.33
1879.50 3435.58 164.50 15.33
1862.75 3388.33 24.50 40.33
1795.33 3314.33 23.00 40.33
806.00 3174.33 948.00 10.33
1728.50 3205.83 23.33 81.00
803.50 3190.33 28.50 511.83
740.25 3709.58 28.50 125.33
679.42 3807.66 28.50 500.00
742.42 4339.16 28.50 98.00
810.42 4456.00 12.50 108.00
836.92 4554.66 76.17 17.67
951.75 4606.50 84.83 30.33
1069.25 4683.66 242.00 17.00
1331.33 4745.66 82.00 12.33
1448.00 4684.16 84.00 19.67
1611.50 4686.33 455.83 13.00
2064.08 4641.33 18.33 30.33
2147.67 4566.16 14.33 18.33
2180.33 4463.66 16.00 105.83
1011.33 4421.08 782.00 26.83
1794.00 4171.08 28.00 177.83
931.50 4269.58 28.00 105.83
969.50 4374.33 36.00 30.33
868.00 3837.08 28.00 381.83
1864.00 3636.08 22.00 475.83
1688.67 3412.75 35.00 169.83
1168.67 4174.25 164.00 36.83
1416.00 4175.91 290.67 36.83
1679.00 3983.25 32.67 183.17
1029.17 3396.75 45.00 665.50
1092.50 4057.41 55.67 80.50
1153.50 4110.75 50.33 52.83
4376.67 3580.50 269.67 162.17
3801.75 3574.58 268.67 165.17
4144.58 3178.58 294.83 175.83
2037.92 2245.25 394.67 231.83
1630.33 1931.42 316.67 214.17
3412.00 1173.00 28.00 44.00
3376.00 1219.00 44.00 24.00
3337.00 1256.00 21.00 107.00
3237.00 1424.50 26.00 17.00
3583.00 1903.00 27.00 7.00
2700.50 656.50 32.00 43.00
2625.00 639.50 67.00 5.00
2571.50 529.00 37.67 109.00
2378.17 527.17 33.67 47.67
2252.17 401.50 33.00 42.33
2319.17 461.50 27.00 46.33
2315.17 208.50 31.67 104.33
2511.17 464.50 30.33 45.00
2445.83 400.17 30.33 49.67
2382.17 338.17 31.67 47.00
2252.17 142.17 27.00 48.33
2191.17 11.17 37.67 113.67
2125.17 277.83 36.33 101.00
2182.17 382.83 77.67 5.33
2057.17 249.67 61.67 8.67
2057.17 213.00 36.00 30.33
1932.50 13.00 42.67 46.67
1996.67 83.67 34.67 104.67
1770.67 -0.33 13.67 615.67
1729.00 619.00 26.00 14.00
1091.00 1021.00 52.00 98.00
1162.00 565.00 16.00 164.00
1041.00 940.00 16.00 98.00
1067.00 916.00 16.00 23.00
1101.00 442.00 16.00 98.00
1130.00 541.00 16.00 24.00
1044.00 392.00 16.00 38.00
1066.00 420.00 16.00 20.00
934.00 359.00 108.00 27.00
681.00 422.00 188.00 15.00
885.00 403.50 41.00 15.00
447.00 364.50 188.00 15.00
653.00 395.50 19.00 15.00
360.00 443.50 17.00 213.00
340.50 410.50 77.00 26.00
422.50 372.50 17.00 45.00
401.50 656.50 15.00 36.00
561.50 1023.50 15.00 29.00
535.50 990.50 15.00 29.00
425.50 901.50 26.00 29.00
500.50 960.50 15.00 29.00
467.50 925.50 15.00 29.00
419.50 1303.50 167.00 29.00
397.50 1288.50 15.00 29.00
356.50 1247.50 38.00 29.00
335.50 1222.50 15.00 29.00
223.50 1180.50 114.00 29.00
200.50 1153.50 15.00 29.00
148.50 1113.50 50.00 29.00
133.50 1075.50 15.00 29.00
88.50 1045.50 31.00 29.00
1.50 991.50 79.00 29.00
-0.26 1017.95 2.67 2052.67
1790.67 3.33 3710.88 4.97
5496.00 20.67 5.33 3947.33
5326.00 4042.00 116.00 61.33
5394.50 3977.67 92.00 61.33
5262.00 4107.33 132.00 54.67
5066.67 4176.00 192.00 61.33
3442.00 3015.75 76.00 17.50
3790.50 3028.75 17.00 23.00
3814.00 3054.50 17.00 23.00
5078.00 3786.75 35.50 44.00
4880.50 3851.50 222.00 44.00
5194.25 3785.50 289.00 44.00
5451.75 3841.50 35.50 44.00
4806.83 3002.83 125.00 10.33
4941.50 3020.17 33.00 50.33
4999.50 3072.17 126.33 5.00
5130.17 3084.17 33.00 50.33
5183.50 3136.17 302.33 3.67
3472.75 4057.00 21.50 20.00
3223.00 4000.50 18.00 17.00
3092.00 3935.00 22.00 21.00
2953.33 3861.67 22.00 8.67
2182.00 3769.42 16.67 27.83
2082.75 3503.33 35.00 8.33
1742.67 3607.42 37.67 402.17
1736.50 3395.08 15.00 90.83
941.00 3377.08 798.00 18.83
1792.00 3623.08 60.00 13.83
1800.50 3513.58 15.00 90.83
1762.50 3491.58 30.00 16.83
930.75 3395.33 24.50 426.33
1825.83 3363.17 23.00 16.33
1757.17 3301.83 23.00 9.67
892.00 4233.33 36.00 30.33
887.58 3821.20 36.00 11.24
712.42 4309.00 28.50 16.67
785.08 4436.67 12.50 20.00
925.25 4577.17 22.17 17.67
1048.92 4641.17 22.17 17.67
1308.92 4710.50 22.17 17.67
1418.25 4717.17 22.17 17.67
2124.17 4586.83 16.33 37.67
2092.17 4621.50 16.33 19.00
2206.83 4437.50 14.33 18.33
2266.17 4184.17 21.00 18.33
2143.50 3752.17 32.33 11.00
2278.83 4006.17 14.33 18.33
4660.75 646.75 13.00 18.50
4634.75 608.25 20.50 18.50
4502.25 545.25 20.50 18.50
4179.75 474.25 20.50 18.50
3695.75 434.50 21.50 42.00
3100.25 352.75 16.50 20.50
2796.00 304.00 14.00 30.00
2537.83 114.83 15.00 91.00
2582.50 224.17 20.33 21.00
2477.83 10.17 13.67 73.00
2563.83 200.83 20.33 21.00
2504.50 85.50 29.67 21.00
12.00 2705.00 417.33 38.00
224.00 1517.50 110.67 14.33
10.67 1382.83 65.33 13.00
80.00 1394.83 22.67 57.00
113.33 1448.17 88.00 13.00
201.33 1461.50 14.67 42.33
412.00 2085.50 29.33 9.00
170.67 2345.50 13.33 102.33
197.33 2457.50 40.00 19.67
53.33 2321.50 101.33 9.00
17.33 2262.83 29.33 42.33
2098.67 1228.00 405.33 22.67
2593.33 1324.33 21.33 440.33
2064.00 1244.00 21.33 469.33
2134.67 1768.00 457.33 18.67
2121.33 1716.00 18.67 37.33
2094.67 1705.33 18.67 13.33
2324.00 1802.67 92.00 37.33
2000.00 1502.67 18.67 144.00
2033.33 1488.00 18.67 169.33
2141.00 3290.33 8.67 30.00
2625.00 3660.33 72.00 14.00
2442.00 3542.00 22.00 14.00
2419.00 3526.00 11.00 14.00
2365.50 3470.50 19.00 19.00
2339.50 3444.50 19.00 19.00
2319.50 3415.50 19.00 19.00
2288.50 3399.50 19.00 19.00
2270.50 3365.50 19.00 19.00
2587.17 3623.17 19.00 19.00
2709.83 3679.17 19.00 19.00
2736.50 3713.17 19.00 19.00
2776.50 3737.17 19.00 19.00
2835.83 3799.83 19.00 19.00
2973.00 3883.67 22.00 8.67
4750.83 916.17 15.00 15.67
4802.83 971.50 15.00 19.00
2713.00 2961.00 158.00 37.00
2962.00 2952.50 158.00 37.00
2704.00 2830.50 28.00 122.00
2767.00 2764.50 34.00 37.00
2899.00 2638.50 20.00 100.00
2964.00 2508.50 16.00 109.00
3087.00 2513.50 26.00 109.00
2986.00 2493.50 94.00 9.00
3156.00 2636.50 23.00 110.00
3209.00 2760.50 35.00 169.00
3088.00 2893.50 104.00 37.00
3264.67 2304.00 124.67 318.00
3328.00 2238.00 191.33 66.67
3458.00 2113.33 124.67 125.33
3392.67 2176.67 64.67 59.33
3648.67 2496.00 190.67 192.67
3840.00 2559.33 512.00 192.00
3906.00 2300.00 0.67 0.67
4352.67 2622.67 253.33 192.00
4161.33 2752.00 190.67 62.00
4606.67 2688.67 320.67 123.33
4543.00 2816.00 953.00 65.00
4927.00 2752.00 321.00 191.00
4861.00 2868.00 115.00 74.00
5121.00 2927.00 366.00 77.00
5442.00 2997.00 64.00 74.00
3993.00 2446.00 469.00 8.00
3948.50 2056.00 7.00 154.00
3887.50 2230.00 7.00 88.00
3954.50 2358.00 7.00 96.00
3915.50 2331.00 26.00 18.00
4013.50 1923.00 7.00 96.00
3962.50 2028.00 35.00 19.00
3945.50 1534.00 10.00 204.00
4014.50 1778.00 7.00 70.00
3980.50 1751.00 18.00 16.00
3885.50 1415.00 7.00 68.00
3899.00 1488.00 21.00 12.00
3929.50 1504.00 15.00 16.00
4825.75 988.50 15.00 19.00
618.00 582.33 246.00 270.00
540.33 581.33 61.67 230.67
874.50 582.33 57.67 226.67
4203.75 1066.00 246.00 332.00
4138.75 1069.00 49.00 254.00
4460.25 1066.00 49.00 254.00
2531.00 1250.00 13.00 25.00
2562.50 1295.50 13.00 25.00
1253.75 3592.67 246.00 274.67
1176.42 3601.00 64.33 220.00
1509.25 3594.33 59.67 226.67
1606.00 3402.00 49.00 53.00
1095.00 3401.00 54.00 46.00
1103.00 3958.00 1.00 0.00
1106.00 3945.00 44.00 71.00
1603.00 3967.00 51.00 56.00
1426.00 4003.00 56.00 58.00
1264.00 4002.00 63.00 49.00
1424.00 4230.00 52.00 52.00
1277.00 4224.00 51.00 60.00
4294.50 4529.00 59.50 56.00
4448.50 4528.00 60.00 63.00
389.33 1602.17 18.67 190.33
847.33 2634.00 43.33 31.33
1031.67 2631.67 43.33 31.33
2498.00 646.00 29.33 6.00
Transition 6
4421.09 3770.75 54.67 3.83
4226.67 3389.33 120.00 3.82
706.67 891.42 54.67 3.83
1344.00 3904.00 54.67 3.83
4292.85 1400.08 54.67 3.83
1731.67 2170.92 120.00 3.82
Water 34
0.00 4992.00 5504.00 512.00
3648.00 2496.00 192.00 192.00
3840.00 2560.00 512.00 128.00
4864.00 4416.00 640.00 576.00
4928.00 4351.92 575.99 64.00
4992.00 4223.94 512.00 128.00
4608.01 4928.02 256.00 64.00
0.00 4928.00 1151.98 64.00
0.00 4864.00 703.75 64.00
0.00 3904.01 576.00 959.99
0.00 3392.00 448.00 512.01
0.00 3328.00 447.99 64.00
0.00 3264.00 383.98 64.00
0.00 3200.00 256.00 64.00
3264.00 2304.00 128.00 256.00
3264.00 2560.00 128.00 64.00
3328.00 2240.00 192.00 64.00
3392.00 2176.00 192.00 64.00
3456.00 2112.00 128.00 64.00
3840.00 2688.00 320.00 64.00
4160.00 2688.00 768.00 128.00
4864.00 2816.00 640.00 128.00
4352.00 2624.00 256.00 64.00
4544.00 2816.00 320.00 64.00
4928.00 2752.00 320.00 64.00
576.00 4800.00 64.00 64.00
448.00 3712.00 64.00 192.00
0.00 3136.01 128.00 64.00
0.00 3072.00 64.00 64.00
4736.00 4864.01 128.00 64.00
5056.00 4160.00 448.00 64.00
5248.00 4095.97 255.96 64.00
5312.04 4031.97 191.99 64.00
5376.09 3968.00 127.90 64.00
