6848 4096
256 428
1783
3861
3862
3863
3864
3865
3866
3867
3868
3869
3870
3871
3872
3873
3874
3875
3876
3877
3878
3879
3880
3881
3882
3883
3884
3885
3886
3887
3888
3889
3890
3891
3892
3893
3894
3895
3896
3897
3898
3899
3900
3901
3902
3903
3904
3905
3906
3907
3908
3909
3910
3911
3912
3913
3914
3915
3916
3917
3918
3919
3920
3921
3922
3923
3924
3925
3926
3927
3928
3929
3930
3931
3932
3933
3934
3935
3936
3937
3938
3939
3940
3941
3942
3943
3944
3945
3946
3947
3948
3949
3950
3951
3952
3953
3954
3955
3956
3957
3958
3959
3960
3961
3962
3963
3964
3965
3966
3967
3968
3969
3970
3971
3972
3973
3974
3975
3976
3977
3978
3979
3980
3981
3982
3983
3984
3985
3986
3987
3988
3989
3990
3991
3992
3993
3994
3995
3996
3997
3998
3999
4000
4001
4002
4003
4004
4005
4006
4007
4008
4009
4010
4011
4012
4013
4014
4015
4016
4017
4018
4019
4020
4021
4022
4023
4024
4025
4026
4027
4028
4029
4030
4031
4032
4033
4034
4035
4036
4037
4038
4039
4040
4041
4042
4043
4044
4045
4046
4047
4048
4049
4050
4051
4052
4053
4054
4055
4056
4057
4058
4059
4060
4061
4062
4063
4064
4065
4066
4067
4068
4069
4070
4071
4072
4073
4074
4075
4076
4077
4078
4079
4080
4081
4082
4083
4084
4085
4086
4087
4088
4089
4090
4091
4092
4093
4094
4095
4096
4097
4098
4099
4100
4101
4102
4103
4104
4105
4106
4107
4108
4109
4110
4111
4112
4113
4114
4115
4116
4117
4118
4119
4120
4121
4122
4123
4124
4125
4126
4127
4128
4129
4130
4131
4132
4133
4134
4135
4136
4137
4138
4139
4140
4141
4142
4143
4144
4145
4146
4147
4148
4149
4150
4151
4152
4153
4154
4155
4156
4157
4158
4159
4160
4161
4162
4163
4164
4165
4166
4167
4168
4169
4170
4171
4172
4173
4174
4175
4176
4177
4178
4179
4180
4181
4182
4183
4184
4185
4186
4187
4188
4189
4190
4191
4192
4193
4194
4195
4196
4197
4198
4199
4200
4201
4202
4203
4204
4205
4206
4207
4208
4209
4210
4211
4212
4213
4214
4215
4216
4217
4218
4219
4220
4221
4222
4223
4224
4225
4226
4227
4228
4229
4230
4231
4232
4233
4234
4235
4236
4237
4238
4239
4240
4241
4242
4243
4244
4245
4246
4247
4248
4249
4250
4251
4252
4253
4254
4255
4256
4257
4258
4259
4260
4261
4262
4263
4264
4265
4266
4267
4268
4269
4270
4271
4289
4699
4717
5127
5145
5555
5573
5983
6001
6411
6429
6839
6857
7267
7285
7695
7713
8123
8141
8551
8569
8979
8997
9407
9425
9835
9853
10263
10281
10691
10709
11119
11137
11547
11565
11975
11993
12403
12421
12831
12849
13259
13277
13687
13705
14115
14133
14543
14561
14971
14989
15399
15417
15827
15845
16255
16273
16683
16701
17111
17129
17539
17557
17967
17985
18395
18413
18823
18841
19251
19269
19679
19697
20107
20125
20535
20553
20602
20603
20604
20605
20606
20607
20608
20609
20610
20611
20612
20613
20614
20963
20981
21030
21042
21391
21409
21458
21470
21819
21837
21886
21898
22247
22265
22314
22326
22675
22693
22742
22754
23103
23121
23170
23182
23531
23549
23598
23610
23959
23977
24026
24038
24387
24405
24454
24466
24815
24833
24882
24883
24884
24885
24886
24887
24888
24889
24890
24891
24892
24893
24894
25024
25025
25026
25027
25028
25029
25030
25031
25032
25033
25034
25035
25036
25037
25038
25039
25243
25261
25452
25467
25671
25689
25880
25895
26099
26117
26308
26323
26527
26545
26736
26751
26955
26973
27164
27179
27383
27401
27592
27607
27811
27829
28020
28035
28239
28257
28448
28463
28667
28685
28876
28877
28878
28879
28880
28881
28882
28883
28884
28885
28886
28887
28888
28889
28890
28891
29095
29113
29523
29541
29951
29969
30379
30397
30807
30825
31235
31253
31663
31681
32091
32109
32519
32537
32947
32965
33375
33393
33803
33821
34231
34249
34659
34677
35087
35105
35515
35533
35943
35961
36371
36389
36799
36817
37227
37245
37655
37673
38083
38101
38511
38529
38939
38957
39367
39385
39795
39813
40223
40241
40651
40669
41079
41097
41507
41525
41935
41953
42363
42381
42791
42809
43219
43237
43647
43665
44075
44093
44503
44521
44931
44949
45359
45377
45787
45805
46215
46233
46643
46661
47071
47089
47499
47517
47927
47945
48355
48373
48783
48801
49211
49229
49639
49657
50067
50085
50495
50513
50923
50941
51351
51369
51779
51797
52207
52225
52635
52653
53063
53081
53491
53509
53919
53937
54347
54365
54775
54793
55203
55221
55631
55649
56059
56077
56487
56505
56915
56933
57343
57361
57771
57789
58199
58217
58627
58645
59055
59073
59483
59501
59911
59929
60339
60357
60767
60785
61195
61213
61623
61641
62051
62069
62262
62263
62264
62265
62266
62267
62268
62269
62270
62271
62272
62273
62274
62275
62276
62277
62278
62279
62280
62281
62282
62283
62284
62285
62286
62287
62288
62289
62290
62291
62292
62293
62294
62295
62296
62297
62298
62299
62300
62301
62302
62479
62497
62690
62730
62907
62925
63118
63158
63335
63353
63546
63586
63763
63781
63974
64014
64191
64209
64402
64442
64619
64637
64830
64870
65047
65065
65258
65298
65475
65493
65686
65726
65903
65921
66114
66154
66331
66349
66542
66582
66759
66777
66970
67010
67187
67205
67398
67438
67615
67633
67826
67866
68043
68061
68254
68294
68471
68489
68682
68722
68899
68917
69110
69150
69327
69345
69538
69578
69755
69773
69966
70006
70183
70201
70394
70434
70611
70629
70822
70834
70835
70836
70837
70838
70839
70840
70841
70842
70843
70844
70845
70846
70847
70848
70849
70850
70851
70852
70853
70854
70855
70856
70857
70858
70862
71039
71057
71250
71262
71286
71290
71467
71485
71678
71690
71714
71718
71895
71913
72106
72118
72142
72146
72323
72341
72534
72546
72570
72574
72751
72769
72962
72974
72998
73002
73179
73197
73390
73402
73426
73430
73607
73625
73818
73830
73854
73858
74035
74053
74246
74258
74282
74286
74463
74481
74674
74686
74710
74714
74891
74909
75102
75114
75138
75142
75319
75337
75530
75542
75566
75570
75747
75765
75958
75970
75994
75998
76175
76193
76386
76398
76422
76426
76603
76621
76814
76826
76850
76854
77031
77049
77242
77254
77278
77282
77459
77477
77670
77682
77706
77710
77887
77905
78098
78110
78134
78138
78315
78333
78526
78538
78562
78566
78743
78761
78954
78966
78990
78994
79171
79189
79382
79394
79418
79422
79599
79617
79810
79822
79846
79850
80027
80045
80223
80224
80225
80226
80227
80228
80229
80230
80231
80232
80238
80250
80274
80278
80455
80473
80651
80660
80666
80678
80702
80706
80883
80901
81079
81088
81094
81106
81130
81134
81311
81329
81507
81516
81522
81534
81535
81536
81537
81538
81539
81540
81541
81542
81543
81544
81545
81546
81547
81548
81549
81550
81551
81552
81553
81554
81555
81556
81557
81558
81562
81739
81757
81935
81944
81950
81962
81963
81964
81965
81966
81967
81968
81969
81970
81971
81972
81973
81974
81975
81976
81977
81978
81979
81980
81981
81982
81983
81984
81985
81986
81990
82167
82185
82363
82372
82378
82418
82595
82613
82791
82792
82793
82794
82795
82796
82797
82798
82799
82800
82806
82846
83023
83041
83234
83274
83451
83469
83662
83702
83879
83897
84090
84130
84307
84325
84518
84519
84520
84521
84522
84523
84524
84525
84526
84527
84528
84529
84530
84531
84532
84533
84534
84535
84536
84537
84538
84539
84540
84541
84542
84543
84544
84545
84546
84547
84548
84549
84550
84551
84552
84553
84554
84555
84556
84557
84558
84735
84753
85163
85181
85591
85609
86019
86037
86447
86465
86875
86893
87303
87321
87731
87749
88159
88177
88587
88605
89015
89033
89443
89461
89871
89889
90299
90317
90727
90745
91155
91173
91583
91601
92011
92029
92439
92457
92653
92654
92655
92656
92657
92658
92659
92660
92661
92662
92663
92664
92665
92666
92667
92668
92669
92670
92867
92885
93081
93098
93295
93313
93509
93526
93723
93741
93937
93954
94151
94169
94365
94382
94579
94597
94793
94810
95007
95025
95221
95238
95435
95453
95649
95666
95863
95881
96077
96094
96291
96309
96505
96522
96719
96737
96933
96950
97147
97165
97361
97378
97575
97593
97789
97806
98003
98021
98217
98218
98219
98220
98221
98222
98223
98224
98225
98226
98227
98228
98229
98230
98231
98232
98233
98234
98431
98449
98859
98877
99287
99305
99715
99733
100143
100161
100571
100589
100999
101017
101427
101445
101855
101873
102283
102301
102711
102729
103139
103157
103567
103585
103995
104013
104423
104441
104851
104869
105279
105297
105298
105299
105300
105301
105302
105303
105304
105305
105306
105307
105308
105309
105310
105311
105312
105313
105314
105315
105316
105317
105318
105319
105320
105321
105322
105323
105324
105325
105326
105327
105328
105329
105330
105331
105332
105333
105334
105335
105336
105337
105338
105339
105340
105341
105342
105343
105344
105345
105346
105347
105348
105349
105350
105351
105352
105353
105354
105355
105356
105357
105358
105359
105360
105361
105362
105363
105364
105365
105366
105367
105368
105369
105370
105371
105372
105373
105374
105375
105376
105377
105378
105379
105380
105381
105382
105383
105384
105385
105386
105387
105388
105389
105390
105391
105392
105393
105394
105395
105396
105397
105398
105399
105400
105401
105402
105403
105404
105405
105406
105407
105408
105409
105410
105411
105412
105413
105414
105415
105416
105417
105418
105419
105420
105421
105422
105423
105424
105425
105426
105427
105428
105429
105430
105431
105432
105433
105434
105435
105436
105437
105438
105439
105440
105441
105442
105443
105444
105445
105446
105447
105448
105449
105450
105451
105452
105453
105454
105455
105456
105457
105458
105459
105460
105461
105462
105463
105464
105465
105466
105467
105468
105469
105470
105471
105472
105473
105474
105475
105476
105477
105478
105479
105480
105481
105482
105483
105484
105485
105486
105487
105488
105489
105490
105491
105492
105493
105494
105495
105496
105497
105498
105499
105500
105501
105502
105503
105504
105505
105506
105507
105508
105509
105510
105511
105512
105513
105514
105515
105516
105517
105518
105519
105520
105521
105522
105523
105524
105525
105526
105527
105528
105529
105530
105531
105532
105533
105534
105535
105536
105537
105538
105539
105540
105541
105542
105543
105544
105545
105546
105547
105548
105549
105550
105551
105552
105553
105554
105555
105556
105557
105558
105559
105560
105561
105562
105563
105564
105565
105566
105567
105568
105569
105570
105571
105572
105573
105574
105575
105576
105577
105578
105579
105580
105581
105582
105583
105584
105585
105586
105587
105588
105589
105590
105591
105592
105593
105594
105595
105596
105597
105598
105599
105600
105601
105602
105603
105604
105605
105606
105607
105608
105609
105610
105611
105612
105613
105614
105615
105616
105617
105618
105619
105620
105621
105622
105623
105624
105625
105626
105627
105628
105629
105630
105631
105632
105633
105634
105635
105636
105637
105638
105639
105640
105641
105642
105643
105644
105645
105646
105647
105648
105649
105650
105651
105652
105653
105654
105655
105656
105657
105658
105659
105660
105661
105662
105663
105664
105665
105666
105667
105668
105669
105670
105671
105672
105673
105674
105675
105676
105677
105678
105679
105680
105681
105682
105683
105684
105685
105686
105687
105688
105689
105690
105691
105692
105693
105694
105695
105696
105697
105698
105699
105700
105701
105702
105703
105704
105705
105706
105707
